0 403262931 633944995 705019248 334957160 546054969 665796488 784382719 306621523 1083048697 
405180727 0 230682064 524646792 546783289 354704873 262533557 739640062 711802250 1038306040 
174498663 577761594 0 293964728 509455823 124022809 31851493 769322535 481120186 1067988513 
539882967 885966881 1116648945 0 874840127 925925863 833754547 678354131 846504490 977020109 
107661276 510924207 741606271 809579965 0 639638046 773457764 892043995 414282799 765275555 
709824886 938498870 1169180934 169941919 1044782046 0 962964175 645299726 823650854 943965704 
677151219 1030670186 1261352250 262113235 1012108379 92171316 0 737471042 915822170 1036137020 
320242943 293199144 523881208 536748262 400860420 366806343 555732701 0 178351128 298665978 
415480553 770960340 1001642404 1014509458 307819277 844567539 1033493897 477761196 0 776427174 
176749609 580012540 810694604 238082284 511706769 68140365 842546097 713440091 483371132 0 
Elapsed time : 135 micro-seconds
